adverts,sales,airplay,attract,residuals,standized.residuals,studentized.rediduals,cooks.distance,dffit,leverage,covariance.ratios
10.256,330,43,10,100.08,2.177,2.199,0.059,0.489,0.047,0.971
985.685,120,28,7,-108.949,-2.323,-2.35,0.011,-0.211,0.008,0.92
1445.563,360,35,7,68.442,1.469,1.473,0.011,0.214,0.021,0.997
1188.193,270,33,7,7.024,0.15,0.15,0,0.017,0.013,1.033
574.513,220,44,5,-5.753,-0.124,-0.123,0,-0.02,0.026,1.048
568.954,170,19,5,28.905,0.618,0.617,0.001,0.074,0.014,1.027
471.814,70,20,1,-21.872,-0.487,-0.486,0.006,-0.154,0.091,1.117
537.352,210,22,9,17.14,0.368,0.367,0.001,0.054,0.021,1.04
514.068,200,21,7,34.656,0.739,0.738,0.001,0.062,0.007,1.016
174.093,300,40,7,99.534,2.13,2.15,0.018,0.269,0.015,0.944
1720.806,290,32,7,-14.819,-0.32,-0.319,0.001,-0.057,0.031,1.051
611.479,70,20,2,-44.814,-0.984,-0.984,0.017,-0.257,0.064,1.069
251.192,150,24,8,-14.218,-0.304,-0.303,0,-0.035,0.013,1.032
97.972,190,38,6,13.816,0.296,0.295,0,0.039,0.018,1.037
406.814,240,24,7,73.658,1.569,1.575,0.004,0.128,0.007,0.977
265.398,100,25,5,-35.533,-0.76,-0.76,0.002,-0.094,0.015,1.024
1323.287,250,35,5,-9.006,-0.194,-0.194,0,-0.033,0.028,1.049
196.65,210,36,8,10.002,0.214,0.214,0,0.027,0.015,1.036
1326.598,280,27,8,14.394,0.309,0.308,0,0.043,0.019,1.039
1380.689,230,33,8,-60.402,-1.296,-1.298,0.009,-0.188,0.021,1.007
792.345,210,33,7,-19.374,-0.413,-0.412,0,-0.033,0.007,1.024
957.167,230,28,6,14.558,0.311,0.31,0,0.03,0.009,1.028
1789.659,320,30,9,-6.102,-0.133,-0.132,0,-0.029,0.045,1.068
656.137,210,34,7,-11.18,-0.238,-0.238,0,-0.019,0.006,1.026
613.697,230,49,7,-38.089,-0.817,-0.817,0.004,-0.119,0.021,1.028
313.362,250,40,8,26.626,0.57,0.569,0.001,0.072,0.016,1.03
336.51,60,20,4,-53.645,-1.154,-1.155,0.009,-0.188,0.026,1.02
1544.899,330,42,7,6.438,0.139,0.138,0,0.024,0.029,1.05
68.954,150,35,8,-35.791,-0.767,-0.766,0.003,-0.103,0.018,1.027
785.692,150,8,6,16.462,0.353,0.352,0.001,0.05,0.019,1.038
125.628,180,49,7,-46.659,-1.005,-1.005,0.007,-0.169,0.028,1.028
377.925,80,19,8,-78.139,-1.671,-1.679,0.01,-0.199,0.014,0.977
217.994,180,42,6,-19.841,-0.425,-0.425,0.001,-0.059,0.019,1.037
759.862,130,6,7,-5.697,-0.122,-0.122,0,-0.019,0.023,1.044
1163.444,320,36,6,60.109,1.287,1.289,0.007,0.164,0.016,1.003
842.957,280,32,7,49.697,1.059,1.059,0.002,0.087,0.007,1.004
125.179,200,28,6,55.181,1.179,1.18,0.004,0.127,0.011,1.004
236.598,130,25,8,-36.347,-0.777,-0.776,0.002,-0.089,0.013,1.021
669.811,190,34,8,-43.427,-0.927,-0.926,0.002,-0.091,0.01,1.013
612.234,150,21,6,-12.59,-0.268,-0.268,0,-0.023,0.008,1.027
922.019,230,34,7,-13.749,-0.293,-0.293,0,-0.026,0.008,1.027
50,310,63,7,42.617,0.933,0.932,0.013,0.232,0.058,1.065
2000,340,31,7,14.849,0.323,0.322,0.001,0.071,0.046,1.068
1054.027,240,25,7,15.352,0.328,0.327,0,0.032,0.01,1.028
385.045,180,42,7,-45.108,-0.965,-0.964,0.003,-0.114,0.014,1.015
1507.972,220,37,7,-83.59,-1.797,-1.807,0.02,-0.282,0.024,0.978
102.568,40,25,8,-114.97,-2.461,-2.494,0.024,-0.315,0.016,0.915
204.568,190,26,7,34.091,0.727,0.726,0.001,0.069,0.009,1.019
1170.918,290,39,7,8.286,0.177,0.177,0,0.022,0.015,1.036
689.547,340,46,7,75.575,1.618,1.625,0.011,0.21,0.016,0.983
784.22,250,36,6,22.299,0.476,0.475,0.001,0.049,0.01,1.027
405.913,190,12,4,97.403,2.099,2.118,0.033,0.367,0.029,0.96
179.778,120,2,8,35.927,0.778,0.777,0.006,0.154,0.038,1.048
607.258,230,29,8,18.72,0.399,0.398,0,0.038,0.009,1.027
1542.329,190,33,8,-114.123,-2.456,-2.488,0.04,-0.407,0.026,0.925
1112.47,210,28,7,-29.711,-0.634,-0.633,0.001,-0.065,0.01,1.023
856.985,170,10,6,23.676,0.507,0.506,0.001,0.068,0.018,1.034
836.331,310,38,7,60.055,1.281,1.284,0.004,0.125,0.009,0.996
236.908,90,19,4,-11.823,-0.255,-0.254,0,-0.042,0.027,1.048
1077.855,140,13,6,-35.175,-0.754,-0.753,0.003,-0.104,0.019,1.028
579.321,300,30,7,98.81,2.104,2.123,0.006,0.156,0.005,0.937
1500,340,38,8,22.633,0.487,0.486,0.002,0.079,0.026,1.043
731.364,170,22,8,-28.243,-0.603,-0.602,0.001,-0.064,0.011,1.024
25.689,100,23,6,-19.536,-0.418,-0.417,0.001,-0.049,0.014,1.031
391.749,200,22,9,19.499,0.419,0.418,0.001,0.063,0.022,1.04
233.999,80,20,7,-58.203,-1.242,-1.244,0.004,-0.125,0.01,0.999
275.7,100,18,6,-23.921,-0.511,-0.51,0.001,-0.053,0.011,1.026
56.895,70,37,7,-110.416,-2.364,-2.392,0.022,-0.302,0.016,0.924
255.117,50,16,8,-87.612,-1.877,-1.89,0.016,-0.254,0.018,0.966
566.501,240,32,8,22.077,0.471,0.47,0.001,0.046,0.009,1.026
102.568,160,26,5,34.922,0.748,0.748,0.003,0.101,0.018,1.027
250.568,290,53,9,17.093,0.37,0.37,0.001,0.075,0.04,1.06
68.594,140,28,7,-11.102,-0.237,-0.237,0,-0.026,0.012,1.032
642.786,210,32,7,-3.312,-0.071,-0.07,0,-0.005,0.006,1.026
1500,300,24,7,40.863,0.878,0.877,0.005,0.134,0.023,1.028
102.563,230,37,6,56.794,1.216,1.218,0.006,0.158,0.017,1.007
756.984,280,30,8,52.643,1.123,1.124,0.003,0.108,0.009,1.004
51.229,160,19,7,40.679,0.87,0.87,0.003,0.104,0.014,1.019
644.151,200,47,6,-52.853,-1.135,-1.135,0.007,-0.168,0.021,1.016
15.313,110,22,5,5.798,0.124,0.124,0,0.018,0.02,1.041
243.237,110,10,8,-6.399,-0.138,-0.137,0,-0.022,0.024,1.046
256.894,70,1,4,27.094,0.588,0.587,0.004,0.124,0.042,1.058
22.464,100,1,6,54.821,1.184,1.185,0.012,0.221,0.034,1.026
45.689,190,39,6,14.887,0.319,0.319,0.001,0.045,0.02,1.039
724.938,70,8,5,-47.294,-1.017,-1.017,0.006,-0.158,0.024,1.024
1126.461,360,38,7,85.427,1.827,1.838,0.011,0.215,0.013,0.966
1985.119,360,35,5,44.815,0.981,0.981,0.015,0.244,0.058,1.063
1837.516,300,40,5,-19.493,-0.425,-0.425,0.003,-0.101,0.053,1.074
135.986,120,22,7,-16.618,-0.355,-0.354,0,-0.037,0.011,1.029
237.703,150,27,8,-23.176,-0.495,-0.494,0.001,-0.056,0.013,1.029
976.641,220,31,6,-7.197,-0.154,-0.153,0,-0.016,0.01,1.031
1452.689,280,19,7,41.716,0.897,0.896,0.005,0.14,0.024,1.029
1600,300,24,9,10.202,0.221,0.22,0,0.044,0.039,1.061
268.598,140,1,7,62.841,1.356,1.359,0.015,0.245,0.031,1.015
900.889,290,38,8,23.488,0.502,0.501,0.001,0.056,0.012,1.028
982.063,180,26,6,-30.82,-0.658,-0.657,0.001,-0.065,0.01,1.022
201.356,140,11,6,45.961,0.985,0.984,0.004,0.13,0.017,1.018
746.024,210,34,6,-7.724,-0.165,-0.164,0,-0.016,0.009,1.029
1132.877,250,55,7,-82.364,-1.78,-1.79,0.028,-0.337,0.034,0.99
1000,250,5,7,97.287,2.095,2.114,0.031,0.357,0.028,0.959
75.896,120,34,6,-40.84,-0.874,-0.873,0.003,-0.108,0.015,1.02
1351.254,290,37,9,-22.46,-0.484,-0.483,0.002,-0.082,0.028,1.045
202.705,60,13,8,-63.061,-1.354,-1.357,0.01,-0.201,0.022,1.005
365.985,140,23,6,-8.422,-0.18,-0.179,0,-0.016,0.008,1.028
305.268,290,54,6,42.341,0.916,0.916,0.008,0.178,0.036,1.041
263.268,160,18,7,26.048,0.556,0.555,0.001,0.058,0.011,1.025
513.694,100,2,7,-1.331,-0.029,-0.029,0,-0.005,0.028,1.05
152.609,160,11,6,70.099,1.502,1.507,0.01,0.203,0.018,0.992
35.987,150,30,8,-16.155,-0.346,-0.345,0.001,-0.046,0.017,1.036
102.568,140,22,7,6.219,0.133,0.133,0,0.014,0.012,1.032
215.368,230,36,6,50.586,1.082,1.082,0.004,0.126,0.013,1.01
426.784,230,37,8,7.1,0.152,0.151,0,0.017,0.012,1.033
507.772,30,9,3,-50.055,-1.089,-1.089,0.015,-0.242,0.047,1.045
233.291,80,2,7,2.471,0.053,0.053,0,0.009,0.03,1.052
1035.433,190,12,8,-0.379,-0.008,-0.008,0,-0.001,0.024,1.046
102.642,90,5,9,-8.714,-0.189,-0.189,0,-0.042,0.046,1.069
526.142,120,14,7,-22.797,-0.487,-0.486,0.001,-0.053,0.012,1.028
624.538,150,20,5,0.819,0.018,0.017,0,0.002,0.014,1.035
912.349,230,57,6,-79.293,-1.719,-1.727,0.031,-0.353,0.04,1.001
215.994,150,19,8,5.607,0.12,0.12,0,0.015,0.016,1.037
561.963,210,35,7,-6.553,-0.14,-0.139,0,-0.012,0.007,1.028
474.76,180,22,5,36.798,0.787,0.786,0.002,0.092,0.013,1.022
231.523,140,16,7,15.477,0.331,0.33,0,0.037,0.013,1.031
678.596,360,53,7,72.933,1.57,1.576,0.017,0.262,0.027,0.997
70.922,10,4,6,-49.395,-1.064,-1.064,0.008,-0.18,0.028,1.026
1567.548,240,29,6,-30.621,-0.659,-0.658,0.003,-0.109,0.027,1.04
263.598,270,43,7,51.834,1.11,1.111,0.005,0.145,0.017,1.012
1423.568,290,26,7,30.616,0.657,0.656,0.002,0.092,0.019,1.032
715.678,220,28,7,13.971,0.297,0.297,0,0.022,0.005,1.024
777.237,230,37,8,-22.648,-0.484,-0.483,0.001,-0.051,0.011,1.027
509.43,220,32,5,40.181,0.86,0.859,0.003,0.106,0.015,1.021
964.11,240,34,7,-7.322,-0.156,-0.156,0,-0.015,0.009,1.029
583.627,260,30,7,58.445,1.245,1.246,0.002,0.091,0.005,0.994
923.373,170,15,7,-9.883,-0.211,-0.211,0,-0.025,0.013,1.034
344.392,130,23,7,-27.676,-0.59,-0.589,0.001,-0.051,0.007,1.021
1095.578,270,31,8,10.534,0.225,0.225,0,0.026,0.013,1.033
100.025,140,21,5,31.975,0.685,0.684,0.002,0.093,0.018,1.029
30.425,60,28,1,-21.344,-0.477,-0.477,0.006,-0.158,0.099,1.127
1080.342,210,18,7,6.69,0.143,0.143,0,0.017,0.014,1.035
799.899,210,28,7,-3.179,-0.068,-0.068,0,-0.005,0.006,1.027
1071.752,240,37,8,-37.648,-0.805,-0.805,0.002,-0.097,0.014,1.022
893.355,210,26,6,6.71,0.143,0.143,0,0.013,0.008,1.029
283.161,200,30,8,12.863,0.275,0.274,0,0.03,0.012,1.031
917.017,140,10,7,-22.506,-0.483,-0.482,0.001,-0.067,0.019,1.035
234.568,90,21,7,-51.619,-1.102,-1.102,0.003,-0.108,0.01,1.005
456.897,120,18,9,-52.561,-1.13,-1.131,0.008,-0.179,0.024,1.019
206.973,100,14,7,-15.704,-0.336,-0.335,0,-0.041,0.015,1.033
1294.099,360,38,7,71.197,1.525,1.531,0.01,0.204,0.017,0.99
826.859,180,36,6,-51.32,-1.096,-1.096,0.003,-0.114,0.011,1.007
564.158,150,32,7,-56.637,-1.206,-1.208,0.002,-0.093,0.006,0.997
192.607,110,9,5,34.525,0.742,0.741,0.003,0.116,0.024,1.034
10.652,90,39,5,-71.052,-1.531,-1.536,0.017,-0.261,0.028,1.001
45.689,160,24,7,24.312,0.52,0.519,0.001,0.058,0.012,1.028
42.568,230,45,7,23.861,0.513,0.512,0.002,0.08,0.024,1.04
20.456,40,13,8,-67.591,-1.454,-1.458,0.014,-0.235,0.025,1.003
635.192,60,17,6,-91.069,-1.943,-1.957,0.009,-0.193,0.01,0.953
1002.273,230,32,7,-13.827,-0.295,-0.294,0,-0.027,0.009,1.028
1177.047,230,23,6,12.731,0.272,0.272,0,0.033,0.015,1.034
507.638,120,0,6,37.004,0.798,0.797,0.005,0.141,0.03,1.039
215.689,150,35,5,-14.987,-0.322,-0.321,0.001,-0.046,0.02,1.039
526.48,120,26,6,-52.148,-1.111,-1.112,0.002,-0.091,0.007,1.002
26.895,60,19,6,-46.169,-0.988,-0.988,0.004,-0.12,0.015,1.015
883.877,280,26,7,66.428,1.416,1.419,0.003,0.118,0.007,0.986
9.104,120,53,8,-121.324,-2.629,-2.67,0.071,-0.54,0.039,0.92
103.568,230,29,8,61.476,1.316,1.318,0.007,0.164,0.015,1
169.583,230,28,7,70.326,1.501,1.506,0.005,0.148,0.01,0.984
429.504,40,17,6,-93.61,-1.998,-2.013,0.01,-0.201,0.01,0.949
223.639,140,26,8,-28.614,-0.612,-0.611,0.001,-0.07,0.013,1.026
145.585,360,42,8,144.132,3.093,3.164,0.051,0.461,0.021,0.853
985.968,210,17,6,29.155,0.623,0.622,0.001,0.073,0.013,1.026
500.922,260,36,8,34.174,0.73,0.729,0.001,0.077,0.011,1.021
226.652,250,45,7,28.235,0.606,0.605,0.002,0.086,0.02,1.033
1051.168,200,20,7,-7.568,-0.162,-0.161,0,-0.018,0.012,1.032
68.093,150,15,7,42.717,0.915,0.914,0.003,0.118,0.016,1.02
1547.159,250,28,8,-37.696,-0.811,-0.811,0.005,-0.134,0.027,1.035
393.774,100,27,6,-64.251,-1.37,-1.373,0.004,-0.119,0.007,0.99
804.282,260,17,8,72.405,1.549,1.555,0.009,0.193,0.015,0.987
801.577,210,32,8,-27.877,-0.595,-0.594,0.001,-0.058,0.01,1.023
450.562,290,46,9,23.689,0.51,0.509,0.002,0.085,0.027,1.044
26.598,220,47,8,-2.604,-0.056,-0.056,0,-0.01,0.03,1.052
179.061,70,19,1,6.346,0.141,0.141,0.001,0.045,0.093,1.124
345.687,110,22,8,-55.505,-1.186,-1.187,0.004,-0.134,0.012,1.004
295.84,250,55,9,-33.485,-0.727,-0.726,0.006,-0.153,0.042,1.054
2271.86,320,31,5,-6.055,-0.134,-0.133,0,-0.038,0.076,1.104
1134.575,300,39,8,10.284,0.22,0.22,0,0.028,0.016,1.037
601.434,180,21,6,18.326,0.391,0.39,0,0.034,0.008,1.025
45.298,180,36,6,15.023,0.322,0.321,0,0.042,0.017,1.036
759.518,200,21,7,13.821,0.295,0.294,0,0.025,0.007,1.026
832.869,320,44,7,50.144,1.073,1.073,0.004,0.131,0.015,1.012
56.894,140,27,7,-6.741,-0.144,-0.144,0,-0.016,0.012,1.033
709.399,100,16,6,-54.001,-1.153,-1.154,0.004,-0.12,0.011,1.004
56.895,120,33,6,-35.86,-0.767,-0.766,0.002,-0.094,0.015,1.024
767.134,230,33,8,-8.321,-0.178,-0.177,0,-0.017,0.01,1.03
503.172,150,21,7,-14.419,-0.307,-0.307,0,-0.026,0.007,1.026
700.929,250,35,9,-0.522,-0.011,-0.011,0,-0.002,0.018,1.04
910.851,190,26,7,-25.862,-0.551,-0.55,0.001,-0.047,0.007,1.022
888.569,240,14,6,77.525,1.658,1.666,0.01,0.2,0.014,0.979
800.615,250,34,6,27.642,0.59,0.589,0.001,0.057,0.009,1.023
1500,230,11,8,3.553,0.077,0.077,0,0.015,0.039,1.062
785.694,110,20,9,-97.206,-2.088,-2.106,0.025,-0.32,0.023,0.954
